160
650
90
50
50
30
30
100
360
120
20
100
570
70
10
30
130
250
560
180
150
270
340
30
60
40
110
590
190
250
230
80
200
130
230
300
70
440
510
150
170
60
100
40
70
180
30
640
140
200
200
320
240
210
270
200
140
30
60
0
0
0
160
140
150
260
620
90
2270
150
160
190
830
50
90
120
50
100
80
1130
110
40
90
60
70
30
150
150
70
0
0
0
0
0
330
80
400
370
500
10
240
170
30
370
30
230
170
640
110
0
200
440
270
30
160
210
200
290
80
70
60
500
350
140
250
290
230
240
520
20
80
180
120
840
30
80
140
140
50
140
20
160
70
220
90
300
80
40
100
170
250
250
140
130
100
20
510
260
700
310
30
200
570
190
180
210
150
720
0
20
190
160
220
50
170
320
180
30
220
90
60
260
330
270
590
170
140
160
40
110
650
210
190
30
200
420
370
390
850
990
580
120
290
100
140
210
40
940
10
320
170
1210
450
920
440
550
560
270
220
60
470
90
340
160
60
460
100
280
210
0
400
6420
3810
4990
3920
420
580
980
60
290
160
310
350
160
190
130
170
100
100
190
1230
320
180
200
190
0
380
280
0
100
340
120
80
190
20
280
500
300
80
670
190
50
0
60
500
0
380
150
170
150
140
240
130
100
180
410
760
290
40
240
720
70
30
20
30
240
340
230
50
140
90
440
260
